m=100;
H0=1000;
V0=250;
all=true;